cumtrapz_SN = 1020.9398708343506 sec
quad_SN = 2479.3799612522125 sec
f2py_SN = 2464.4242103099823 sec


cumtrapz_BAO = 71.77400302886963 sec
quad_BAO = 40.90571117401123 sec
f2py_BAO = 29.638516426086426 sec


